TSHORT	TOT	EUR	AFR	ASN	NAT
aa	387	338	38	8	1
ac	213	180	25	6	0
ag	233	200	25	6	1
as	581	492	71	12	1
at	584	489	76	12	1
av	469	402	51	9	1
bam	129	119	10	0	0
ban	147	136	11	0	0
bca	194	173	19	1	1
bceh	175	158	16	1	0
bce	209	189	19	1	0
bco	205	184	20	1	0
bfr	175	158	17	0	0
bhi	165	151	14	0	0
bhy	170	157	12	1	0
bnu	202	182	18	1	1
bpu	170	154	15	1	0
br	396	337	47	9	0
bsp	126	115	10	1	0
bsu	114	101	12	1	0
cols	318	273	34	6	0
colt	368	305	50	8	0
ebv	147	116	29	0	1
esog	330	281	36	8	1
esom	497	424	60	8	1
esomu	465	396	55	7	1
fib	483	416	58	5	2
haa	372	322	42	5	1
hlv	386	334	42	7	1
kc	73	65	8	0	0
liv	208	183	19	5	0
lu	515	444	58	10	1
msg	144	118	23	1	0
ms	706	602	86	12	1
nt	532	449	67	10	1
ov	167	140	21	5	0
pan	305	252	39	8	1
pit	237	220	16	1	0
pro	221	186	27	3	1
si	174	144	25	3	0
snse	517	440	62	9	0
spl	227	185	34	5	1
sse	605	518	73	10	1
sto	324	269	44	5	1
tes	322	277	34	4	2
thy	574	494	62	12	1
ut	129	108	17	4	0
va	141	122	15	4	0
wb	670	574	80	9	2
